epoch,production,u,utility,delivered_reward
0,P1,0.0,-0.110346645,0
0,P2,0.0,1.4538634,1
0,P3,0.0,-0.98343194,2
0,P4,0.0,-0.5240547,3
0,P5,0.0,-0.3247495,4
0,P6,0.0,-0.13757505,5
0,P7,0.0,1.008761,6
0,P8,6.9169993,4.018131,7
0,P9,3.1624,3.5428925,8
0,P10,0.0,-0.8768702,9
1,P1,0.0,1.0397521,0
1,P2,0.0,0.32176957,1
1,P3,0.0,-0.5821036,2
1,P4,0.0,-0.25600278,3
1,P5,0.0,0.64015365,4
1,P6,0.0,0.01357804,5
1,P7,0.0,0.13757168,6
1,P8,6.9169993,6.4241266,7
1,P9,0.0,-0.9255541,8
1,P10,0.0,0.21723236,9
2,P1,-0.004,0.43433306,0
2,P2,0.0,0.23644061,1
2,P3,0.0,0.90705377,2
2,P4,0.0,0.15349016,3
2,P5,0.0,0.26051465,4
2,P6,4.9379997,4.4252634,5
2,P7,0.0,0.10277259,6
2,P8,0.0,1.0979998,7
2,P9,0.0,-0.3650871,8
2,P10,0.0,-0.6232136,9
3,P1,0.0,0.8610923,0
3,P2,0.0,-1.1248934,1
3,P3,0.0,0.36353675,2
3,P4,0.0,-0.0016877793,3
3,P5,0.0,1.142888,4
3,P6,0.0,-1.0410317,5
3,P7,0.0,-0.11938006,6
3,P8,0.0,-1.029849,7
3,P9,7.9059997,8.612427,8
3,P10,0.0,-1.9778486,9
4,P1,0.0,-0.8831696,0
4,P2,0.0,-1.5969602,1
4,P3,0.0,-0.6325346,2
4,P4,0.0,0.5088082,3
4,P5,0.0,-0.12675382,4
4,P6,0.0,-0.6473852,5
4,P7,0.0,0.9323699,6
4,P8,0.0,-0.4263347,7
4,P9,7.9059997,7.6954246,8
4,P10,0.0,0.590121,9
5,P1,0.0,0.2803592,0
5,P2,0.0,0.752378,1
5,P3,0.0,-0.60134065,2
5,P4,0.0,-1.2837029,3
5,P5,0.0,2.7290804,4
5,P6,0.0,1.1818924,5
5,P7,5.9279995,6.359152,6
5,P8,0.0,0.7870818,7
5,P9,0.0,-0.043519527,8
5,P10,0.0,2.0567677,9
6,P1,0.0,-0.72149646,0
6,P2,0.39200002,-0.23759562,1
6,P3,0.0,1.0873221,2
6,P4,0.0,-0.94910794,3
6,P5,0.0,-2.3446796,4
6,P6,0.0,-0.2760746,5
6,P7,0.0,-0.9383717,6
6,P8,6.9169993,6.6502285,7
6,P9,0.0,-0.7012327,8
6,P10,0.0,-0.88710654,9
7,P1,0.0,-1.5291619,0
7,P2,0.0,0.599287,1
7,P3,0.78800005,1.0469251,2
7,P4,0.0,-0.25240237,3
7,P5,0.0,0.6010336,4
7,P6,0.0,-0.35546052,5
7,P7,5.9279995,2.919964,6
7,P8,0.0,-0.16261569,7
7,P9,0.0,-1.9470005,8
7,P10,0.0,-0.560984,9
8,P1,-0.004,0.084506325,0
8,P2,0.0,-0.30411607,1
8,P3,0.0,1.035657,2
8,P4,0.0,0.67077357,3
8,P5,1.5796,0.5326513,4
8,P6,0.0,-1.9468907,5
8,P7,0.0,1.1301916,6
8,P8,0.0,-0.9104107,7
8,P9,0.0,0.06880869,8
8,P10,8.8949995,8.403311,9
9,P1,0.0,0.07974401,0
9,P2,0.0,0.5229362,1
9,P3,0.0,-3.4235618,2
9,P4,0.0,-0.41957164,3
9,P5,0.0,3.2200866,4
9,P6,0.0,0.9123167,5
9,P7,0.0,-0.7970087,6
9,P8,0.0,1.0547823,7
9,P9,7.9059997,7.890425,8
9,P10,0.0,1.5031867,9
10,P1,0.0,-0.37939948,0
10,P2,0.39200002,3.0512266,1
10,P3,0.0,-1.7556171,2
10,P4,0.0,-0.60931575,3
10,P5,3.9489996,4.5562563,4
10,P6,0.0,0.8561288,5
10,P7,0.0,0.30005267,6
10,P8,0.0,-1.344114,7
10,P9,0.0,0.08587398,8
10,P10,0.0,1.7718761,9
11,P1,0.0,-1.8636633,0
11,P2,0.0,-0.565842,1
11,P3,0.0,-1.3073767,2
11,P4,0.0,2.844019,3
11,P5,0.0,0.5889318,4
11,P6,0.0,0.34234276,5
11,P7,0.0,0.7706991,6
11,P8,0.0,1.1273613,7
11,P9,7.9059997,8.19853,8
11,P10,0.0,0.24904509,9
12,P1,-0.004,0.5884273,0
12,P2,0.0,-3.8466346,1
12,P3,0.0,-0.1962433,2
12,P4,1.1836001,1.5955119,3
12,P5,0.0,0.6984794,4
12,P6,4.9379997,6.657928,5
12,P7,0.0,-0.048205502,6
12,P8,0.0,0.10361902,7
12,P9,0.0,1.6124929,8
12,P10,0.0,-0.436077,9
13,P1,0.0,-0.361461,0
13,P2,0.0,1.0577183,1
13,P3,0.0,-0.40601313,2
13,P4,0.0,-0.46090004,3
13,P5,0.0,0.14258872,4
13,P6,0.0,-0.065609984,5
13,P7,0.0,1.6524204,6
13,P8,0.0,0.23171446,7
13,P9,7.9059997,8.377205,8
13,P10,0.0,0.42910185,9
14,P1,0.0,-0.08985137,0
14,P2,0.0,2.7425404,1
14,P3,0.0,-1.1425345,2
14,P4,0.0,-0.2919281,3
14,P5,0.0,0.5029046,4
14,P6,0.0,-0.13619933,5
14,P7,0.0,0.472881,6
14,P8,0.0,1.1195492,7
14,P9,7.9059997,11.93161,8
14,P10,0.0,-0.63144934,9
15,P1,-0.004,0.8082432,0
15,P2,0.0,1.5108755,1
15,P3,1.9369116,0.43889558,2
15,P4,0.0,-0.14789508,3
15,P5,0.0,-0.61861646,4
15,P6,0.0,1.1221567,5
15,P7,0.0,-0.9789061,6
15,P8,0.0,0.36854637,7
15,P9,7.9059997,7.2151656,8
15,P10,0.0,-1.1038882,9
16,P1,0.0,0.17447388,0
16,P2,0.0,-0.2066109,1
16,P3,0.0,0.21809183,2
16,P4,0.0,-0.3645233,3
16,P5,0.0,-1.941583,4
16,P6,0.0,-0.8752155,5
16,P7,0.0,2.1192472,6
16,P8,6.9169993,7.2579412,7
16,P9,0.0,-0.34305945,8
16,P10,0.0,-0.956022,9
17,P1,-0.004,0.815424,0
17,P2,0.0,0.45689386,1
17,P3,0.0,-0.4185171,2
17,P4,0.0,1.308271,3
17,P5,1.5796,1.6871365,4
17,P6,0.0,-1.9731649,5
17,P7,5.9279995,6.773285,6
17,P8,0.0,1.4236739,7
17,P9,0.0,-0.077053815,8
17,P10,0.0,0.87279445,9
18,P1,0.0,0.503207,0
18,P2,0.0,-0.21563968,1
18,P3,0.78800005,2.0991995,2
18,P4,0.0,-0.32388625,3
18,P5,0.0,0.7547218,4
18,P6,0.0,-0.42046142,5
18,P7,0.0,-0.5550858,6
18,P8,0.0,0.33599785,7
18,P9,0.0,0.6639612,8
18,P10,8.8949995,10.152632,9
19,P1,0.0,-0.6998116,0
19,P2,0.0,0.91070753,1
19,P3,0.0,0.66127956,2
19,P4,0.0,0.063496046,3
19,P5,0.0,-0.25840503,4
19,P6,0.0,-0.5848213,5
19,P7,5.9279995,5.3537126,6
19,P8,0.0,-0.25059947,7
19,P9,0.0,-0.3944093,8
19,P10,0.0,0.89064735,9
20,P1,0.0,1.4759812,0
20,P2,0.39200002,0.053314656,1
20,P3,0.0,0.31434092,2
20,P4,0.0,0.3221308,3
20,P5,0.0,0.38534722,4
20,P6,0.0,-1.0750594,5
20,P7,0.0,-0.26516086,6
20,P8,0.0,-0.113218,7
20,P9,7.9059997,7.4739976,8
20,P10,0.0,0.06723426,9
21,P1,-0.004,0.48553118,0
21,P2,0.0,0.386562,1
21,P3,0.0,1.4374905,2
21,P4,0.0,1.0892273,3
21,P5,0.0,-0.5539312,4
21,P6,0.0,1.1126285,5
21,P7,5.9279995,6.3017426,6
21,P8,0.0,1.7152724,7
21,P9,0.0,-0.35299134,8
21,P10,0.0,2.8656642,9
22,P1,0.0,0.6458577,0
22,P2,0.0,-1.1812491,1
22,P3,0.0,-0.5002377,2
22,P4,0.0,1.7677921,3
22,P5,0.0,0.8179799,4
22,P6,4.9379997,4.225344,5
22,P7,0.0,-0.66554284,6
22,P8,0.0,-0.362223,7
22,P9,0.0,0.13308606,8
22,P10,0.0,0.6065974,9
23,P1,0.0,0.5689894,0
23,P2,0.0,-0.23386642,1
23,P3,0.0,1.053465,2
23,P4,0.0,-0.4645365,3
23,P5,0.0,-1.5900116,4
23,P6,0.0,0.3680241,5
23,P7,0.0,0.22235645,6
23,P8,0.0,0.20005506,7
23,P9,0.0,-0.08321497,8
23,P10,8.8949995,8.164933,9
24,P1,0.0,1.1967034,0
24,P2,0.0,-0.33129737,1
24,P3,0.0,-0.8880674,2
24,P4,0.0,0.3505206,3
24,P5,0.0,-0.70461506,4
24,P6,0.0,-0.4725563,5
24,P7,0.0,2.1778908,6
24,P8,6.9169993,6.9972906,7
24,P9,0.0,0.72649,8
24,P10,0.0,-0.20174436,9
25,P1,0.0,-1.0472591,0
25,P2,0.0,-1.598818,1
25,P3,0.0,1.5988888,2
25,P4,0.0,-1.4061975,3
25,P5,0.0,-0.44017473,4
25,P6,4.9379997,5.0768976,5
25,P7,2.3712,2.7889352,6
25,P8,0.0,-0.89439183,7
25,P9,0.0,-0.053235464,8
25,P10,0.0,2.822774,9
26,P1,0.0,-0.92445475,0
26,P2,0.0,1.5199463,1
26,P3,0.0,-2.0981567,2
26,P4,1.1836001,2.046725,3
26,P5,3.909203,4.589876,4
26,P6,0.0,-0.39478046,5
26,P7,0.0,-0.63731676,6
26,P8,6.9169993,7.257519,7
26,P9,0.0,-1.0638806,8
26,P10,0.0,1.5394335,9
27,P1,0.0,-2.0047863,0
27,P2,0.0,0.08278129,1
27,P3,0.0,0.44486478,2
27,P4,0.0,0.33703196,3
27,P5,2.52736,1.6068598,4
27,P6,0.0,-0.006484232,5
27,P7,5.9279995,5.114629,6
27,P8,0.0,-0.4668758,7
27,P9,0.0,-1.4370192,8
27,P10,0.0,0.623105,9
28,P1,0.0,-0.02712128,0
28,P2,0.0,1.8014035,1
28,P3,0.0,-0.3461826,2
28,P4,0.0,-1.2708478,3
28,P5,0.0,0.27909303,4
28,P6,0.0,0.44271407,5
28,P7,0.0,-0.4594859,6
28,P8,0.0,0.39131415,7
28,P9,0.0,0.74137294,8
28,P10,8.8949995,9.09559,9
29,P1,0.0,-0.6425451,0
29,P2,0.0,0.80110455,1
29,P3,0.0,0.1593991,2
29,P4,2.5755138,2.775379,3
29,P5,0.0,0.7005325,4
29,P6,0.0,0.944084,5
29,P7,0.0,0.46073171,6
29,P8,6.9169993,5.958005,7
29,P9,0.0,-0.40043253,8
29,P10,0.0,1.164702,9
30,P1,0.0,0.5124618,0
30,P2,0.0,0.028861465,1
30,P3,0.0,1.6750224,2
30,P4,0.0,-0.24732025,3
30,P5,0.0,-0.13382202,4
30,P6,4.9379997,2.8988976,5
30,P7,0.0,1.0189356,6
30,P8,0.0,0.3503076,7
30,P9,0.0,0.30199495,8
30,P10,0.0,0.8150873,9
31,P1,0.0,0.027632216,0
31,P2,0.0,0.40806946,1
31,P3,0.0,-0.6605654,2
31,P4,0.0,0.96790034,3
31,P5,1.5796,1.6632758,4
31,P6,0.0,-0.34908885,5
31,P7,5.9279995,5.6250086,6
31,P8,0.0,-0.05855722,7
31,P9,0.0,1.0451936,8
31,P10,0.0,-0.9580828,9
32,P1,-0.004,0.960138,0
32,P2,0.39200002,0.80723035,1
32,P3,0.0,0.34519574,2
32,P4,0.0,0.19217078,3
32,P5,3.096016,3.6541018,4
32,P6,4.9379997,7.6580048,5
32,P7,0.0,-0.72514725,6
32,P8,0.0,-0.49421695,7
32,P9,0.0,2.3889446,8
32,P10,0.0,-0.46105874,9
33,P1,-0.004,1.5468829,0
33,P2,0.6272,0.20478815,1
33,P3,0.0,1.1538051,2
33,P4,0.0,1.7365118,3
33,P5,0.0,-0.91252136,4
33,P6,0.0,-0.5500207,5
33,P7,0.0,0.23073745,6
33,P8,0.0,0.70277286,7
33,P9,7.9059997,7.747905,8
33,P10,0.0,0.6846459,9
34,P1,0.0,0.06925425,0
34,P2,0.39200002,0.49591744,1
34,P3,0.0,1.1435214,2
34,P4,0.0,1.2157207,3
34,P5,0.0,-0.15300888,4
34,P6,4.9379997,4.1507654,5
34,P7,0.0,1.7279183,6
34,P8,0.0,-0.9689903,7
34,P9,0.0,-1.8844495,8
34,P10,0.0,-0.20449491,9
35,P1,0.0,0.76770294,0
35,P2,0.0,1.1458874,1
35,P3,0.0,0.31162626,2
35,P4,0.0,-0.1962782,3
35,P5,0.0,-0.5526163,4
35,P6,1.9752,0.6707822,5
35,P7,5.9279995,6.5972867,6
35,P8,0.0,0.49188268,7
35,P9,0.0,-2.0924919,8
35,P10,0.0,-0.5889596,9
36,P1,0.0,0.896667,0
36,P2,0.0,-0.97422004,1
36,P3,0.0,-0.5936247,2
36,P4,0.0,0.7490686,3
36,P5,0.0,-0.19254588,4
36,P6,0.0,-0.04207708,5
36,P7,0.0,-0.7573927,6
36,P8,0.0,1.1271096,7
36,P9,0.0,1.367013,8
36,P10,8.8949995,7.7702565,9
37,P1,-0.004,-0.6252207,0
37,P2,0.0,0.009983751,1
37,P3,0.0,-0.149023,2
37,P4,0.0,1.4777397,3
37,P5,0.0,0.534551,4
37,P6,0.0,-0.83363163,5
37,P7,5.9279995,7.7737455,6
37,P8,0.0,1.1805056,7
37,P9,0.0,-0.5270977,8
37,P10,0.0,-0.31621045,9
38,P1,-0.004,-0.51485926,0
38,P2,0.39200002,1.4630709,1
38,P3,0.0,-0.38369063,2
38,P4,1.1836001,0.8367028,3
38,P5,0.0,0.51390094,4
38,P6,0.0,0.18533982,5
38,P7,0.0,1.0938828,6
38,P8,0.0,1.2971983,7
38,P9,0.0,-1.1620806,8
38,P10,8.8949995,8.999301,9
39,P1,0.0,-0.11844728,0
39,P2,0.39200002,-0.6526595,1
39,P3,0.0,0.12318992,2
39,P4,0.0,0.29345086,3
39,P5,3.9489996,4.0736713,4
39,P6,0.0,-0.10336132,5
39,P7,0.0,0.8012334,6
39,P8,0.0,-0.0664293,7
39,P9,0.0,0.713756,8
39,P10,0.0,-0.95614314,9
40,P1,0.0,-1.0240034,0
40,P2,0.0,-0.06641409,1
40,P3,1.7146881,0.9883521,2
40,P4,2.3198562,1.4434875,3
40,P5,0.0,-1.1447364,4
40,P6,4.9379997,5.2346387,5
40,P7,0.0,-0.50294864,6
40,P8,0.0,-0.020007536,7
40,P9,0.0,1.3295699,8
40,P10,0.0,0.6240791,9
41,P1,-0.004,0.12103654,0
41,P2,0.0,0.4870014,1
41,P3,0.0,-0.41473573,2
41,P4,2.9551353,3.794126,3
41,P5,0.0,-0.99851894,4
41,P6,0.0,0.5308015,5
41,P7,5.9279995,5.464748,6
41,P8,0.0,0.7441512,7
41,P9,0.0,-0.18976371,8
41,P10,0.0,0.17531663,9
42,P1,0.0,-0.3886013,0
42,P2,0.39200002,-0.2668776,1
42,P3,1.2608,0.9152175,2
42,P4,0.0,-1.0900816,3
42,P5,3.9489996,2.4462671,4
42,P6,3.8713923,2.8482602,5
42,P7,0.0,0.16590148,6
42,P8,0.0,0.5621688,7
42,P9,0.0,-0.43612847,8
42,P10,0.0,-0.15817244,9
43,P1,0.0,-0.95185,0
43,P2,0.0,-1.1993974,1
43,P3,0.0,-0.06881734,2
43,P4,0.0,0.8033425,3
43,P5,0.0,0.73818225,4
43,P6,1.9752,2.482125,5
43,P7,0.0,-0.085326925,6
43,P8,0.0,-0.8163726,7
43,P9,7.9059997,6.786519,8
43,P10,0.0,-0.8523359,9
44,P1,0.0,0.26323885,0
44,P2,0.0,1.1303258,1
44,P3,0.0,-1.0785499,2
44,P4,0.0,-0.16335134,3
44,P5,1.5796,0.57720816,4
44,P6,0.0,1.9433827,5
44,P7,0.0,0.10195968,6
44,P8,0.0,1.8350066,7
44,P9,0.0,0.15181425,8
44,P10,8.8949995,8.710431,9
45,P1,0.0,-0.6191038,0
45,P2,0.0,-0.6578903,1
45,P3,0.0,-1.9334882,2
45,P4,0.0,0.45697105,3
45,P5,0.0,0.23773403,4
45,P6,0.0,-0.70355433,5
45,P7,5.9279995,6.1249256,6
45,P8,0.0,1.0146068,7
45,P9,0.0,0.3971927,8
45,P10,0.0,0.48902628,9
46,P1,0.0,-0.42605728,0
46,P2,0.6272,0.34599015,1
46,P3,0.0,-1.3141264,2
46,P4,2.5755138,1.7864263,3
46,P5,0.0,0.17748833,4
46,P6,0.0,-0.52633643,5
46,P7,0.0,-2.0255787,6
46,P8,6.9169993,7.3573465,7
46,P9,0.0,-0.9887862,8
46,P10,0.0,0.17699113,9
47,P1,0.0,0.67735827,0
47,P2,0.0,0.02657371,1
47,P3,0.0,0.3039361,2
47,P4,0.0,-0.5188615,3
47,P5,0.0,-0.6004395,4
47,P6,0.0,-1.7990656,5
47,P7,5.9279995,5.3734117,6
47,P8,0.0,-1.0121533,7
47,P9,0.0,-0.38851938,8
47,P10,0.0,0.37325603,9
48,P1,0.0,-2.1598005,0
48,P2,0.0,-0.3873378,1
48,P3,0.0,-1.374831,2
48,P4,0.0,-0.29388607,3
48,P5,1.5796,1.0091734,4
48,P6,0.0,0.30953082,5
48,P7,0.0,-0.76637703,6
48,P8,0.0,-0.09644304,7
48,P9,7.9059997,7.4099007,8
48,P10,0.0,-0.24137644,9
49,P1,0.0,1.0518275,0
49,P2,0.0,0.5542666,1
49,P3,0.0,-1.5356915,2
49,P4,2.3198562,1.901636,3
49,P5,0.0,0.8493668,4
49,P6,0.0,-0.47835454,5
49,P7,5.9279995,6.7535257,6
49,P8,0.0,-0.11074778,7
49,P9,0.0,0.41315052,8
49,P10,0.0,-0.28146985,9
50,P1,0.0,0.9680156,0
50,P2,0.0,0.93642837,1
50,P3,0.0,-0.2562792,2
50,P4,0.0,-0.4328688,3
50,P5,0.0,1.6225806,4
50,P6,0.0,-0.10332603,5
50,P7,0.0,-1.8786759,6
50,P8,6.9169993,7.5179977,7
50,P9,0.0,0.49050167,8
50,P10,0.0,-0.52323914,9
51,P1,-0.004,-0.61767143,0
51,P2,0.0,-0.5990132,1
51,P3,0.0,-0.5281283,2
51,P4,0.0,0.2519317,3
51,P5,0.0,-0.44852018,4
51,P6,0.0,0.36491692,5
51,P7,5.9279995,6.508854,6
51,P8,0.0,1.3512201,7
51,P9,0.0,1.0372936,8
51,P10,0.0,-0.7790702,9
52,P1,0.0,0.4677089,0
52,P2,0.0,0.898965,1
52,P3,0.0,-0.47921753,2
52,P4,0.0,0.6311584,3
52,P5,1.5796,0.9764265,4
52,P6,0.0,-0.11744134,5
52,P7,0.0,-1.4583472,6
52,P8,0.0,0.3111822,7
52,P9,0.0,1.6335614,8
52,P10,8.8949995,9.874052,9
53,P1,-0.004,0.38615915,0
53,P2,0.0,-1.0744184,1
53,P3,0.0,-0.1476117,2
53,P4,0.0,0.4595861,3
53,P5,3.9489996,4.7420187,4
53,P6,0.0,-0.45887783,5
53,P7,0.0,1.7328111,6
53,P8,0.0,-0.75383174,7
53,P9,0.0,0.5174111,8
53,P10,0.0,-0.5339472,9
54,P1,0.0,1.6388922,0
54,P2,0.0,1.2576666,1
54,P3,0.0,-0.68924075,2
54,P4,0.0,-0.42131445,3
54,P5,0.0,0.6362215,4
54,P6,0.0,-0.6354145,5
54,P7,0.0,-0.4105499,6
54,P8,0.0,-0.58330154,7
54,P9,0.0,1.1464285,8
54,P10,8.8949995,8.504162,9
55,P1,-0.004,-0.48492688,0
55,P2,0.0,0.29482582,1
55,P3,1.5444801,0.6206799,2
55,P4,0.0,0.39160675,3
55,P5,3.9489996,3.3438895,4
55,P6,0.0,0.52941066,5
55,P7,0.0,0.11896326,6
55,P8,0.0,0.5918545,7
55,P9,0.0,-1.1430932,8
55,P10,0.0,-1.1546357,9
56,P1,0.0,-1.3764545,0
56,P2,0.0,0.1883721,1
56,P3,0.0,-0.5784308,2
56,P4,0.0,2.2095609,3
56,P5,0.0,-1.0021954,4
56,P6,0.0,-1.4266856,5
56,P7,0.0,-0.25723973,6
56,P8,0.0,-0.3018558,7
56,P9,7.9059997,8.47825,8
56,P10,0.0,0.31304118,9
57,P1,0.0,0.6475286,0
57,P2,0.0,1.5064403,1
57,P3,0.0,0.6780139,2
57,P4,0.0,-0.97155464,3
57,P5,0.0,0.41266048,4
57,P6,0.0,0.442574,5
57,P7,5.9279995,4.975148,6
57,P8,0.0,0.7234885,7
57,P9,0.0,0.45998338,8
57,P10,0.0,-0.73228246,9
58,P1,0.0,-0.41712594,0
58,P2,0.0,-0.35886386,1
58,P3,0.0,0.08993238,2
58,P4,0.0,0.77814394,3
58,P5,0.0,0.89347523,4
58,P6,4.9379997,3.9650807,5
58,P7,0.0,-0.097118355,6
58,P8,0.0,1.9180222,7
58,P9,0.0,-1.2439486,8
58,P10,0.0,-0.44175035,9
59,P1,0.0,0.0126137175,0
59,P2,0.0,-0.9223311,1
59,P3,0.0,-0.08046797,2
59,P4,0.0,-1.4735209,3
59,P5,0.0,0.00910448,4
59,P6,0.0,-0.7927897,5
59,P7,0.0,0.03242494,6
59,P8,0.0,0.16406049,7
59,P9,7.9059997,7.430372,8
59,P10,0.0,2.0693908,9
60,P1,0.0,-0.18012562,0
60,P2,0.0,-0.4717325,1
60,P3,0.0,-1.8587767,2
60,P4,1.1836001,3.105188,3
60,P5,0.0,-0.47683132,4
60,P6,0.0,1.4224746,5
60,P7,0.0,0.4926677,6
60,P8,6.9169993,6.0637593,7
60,P9,0.0,-1.028838,8
60,P10,0.0,0.5725658,9
61,P1,0.0,0.03940367,0
61,P2,0.0,-0.6142675,1
61,P3,1.2608,1.4173483,2
61,P4,1.1836001,1.468237,3
61,P5,1.5796,0.7234581,4
61,P6,0.0,0.3513352,5
61,P7,0.0,-0.32396606,6
61,P8,6.9169993,6.0508833,7
61,P9,0.0,-0.83694565,8
61,P10,0.0,-0.17432858,9
62,P1,0.0,-1.2617226,0
62,P2,0.0,-1.2027159,1
62,P3,0.0,-1.2154729,2
62,P4,0.0,-0.10484196,3
62,P5,0.0,-0.7431188,4
62,P6,0.0,-0.037695248,5
62,P7,0.0,0.069887236,6
62,P8,0.0,-0.586621,7
62,P9,7.9059997,10.581345,8
62,P10,0.0,-0.7020554,9
63,P1,0.0,0.7492679,0
63,P2,0.0,1.7117505,1
63,P3,0.0,0.81381446,2
63,P4,0.0,-0.14442928,3
63,P5,0.0,0.001319454,4
63,P6,0.0,-1.419477,5
63,P7,0.0,0.87386304,6
63,P8,0.0,1.2050124,7
63,P9,7.9059997,8.467837,8
63,P10,0.0,0.1176764,9
64,P1,0.0,-0.053878535,0
64,P2,0.0,1.1439875,1
64,P3,0.0,-0.349926,2
64,P4,2.9576087,2.6280046,3
64,P5,0.0,1.3164308,4
64,P6,0.0,-0.6757361,5
64,P7,0.0,0.20473562,6
64,P8,6.916999,6.9271574,7
64,P9,0.0,-1.5408149,8
64,P10,0.0,-0.59146327,9
65,P1,0.0,-0.9999975,0
65,P2,0.0,-0.10556023,1
65,P3,0.0,-0.9568511,2
65,P4,0.0,-0.41001952,3
65,P5,0.0,-0.45462623,4
65,P6,4.9379997,4.42417,5
65,P7,0.0,-0.01147761,6
65,P8,0.0,1.3190385,7
65,P9,0.0,-0.20979413,8
65,P10,0.0,0.5402388,9
66,P1,0.0,-1.2263732,0
66,P2,0.0,0.26694602,1
66,P3,0.0,-2.1308417,2
66,P4,0.0,1.0067217,3
66,P5,0.0,0.99458265,4
66,P6,0.0,0.22672366,5
66,P7,0.0,0.6989872,6
66,P8,6.9169993,6.656182,7
66,P9,0.0,-0.26760867,8
66,P10,0.0,0.09037668,9
67,P1,0.0,-3.0425,0
67,P2,0.6272,1.5029669,1
67,P3,0.78800005,-0.42156214,2
67,P4,2.9589999,2.8183143,3
67,P5,0.0,-0.19315882,4
67,P6,0.0,0.994468,5
67,P7,0.0,0.21359907,6
67,P8,0.0,-1.1541417,7
67,P9,0.0,-0.62282014,8
67,P10,0.0,0.39909962,9
68,P1,0.0,1.1616199,0
68,P2,0.0,-0.35039866,1
68,P3,0.0,-0.813972,2
68,P4,0.0,-2.078398,3
68,P5,3.9489996,5.5115175,4
68,P6,0.0,-0.4654343,5
68,P7,5.1597314,4.610677,6
68,P8,0.0,0.13647768,7
68,P9,0.0,-1.3366528,8
68,P10,0.0,1.8964499,9
69,P1,0.0,-0.3587899,0
69,P2,0.0,-0.39001915,1
69,P3,1.2608,0.7604546,2
69,P4,0.0,0.52391505,3
69,P5,0.0,1.2036657,4
69,P6,0.0,-0.0644922,5
69,P7,0.0,-0.5593627,6
69,P8,0.0,-0.5720378,7
69,P9,0.0,0.31535766,8
69,P10,8.8949995,8.39119,9
70,P1,0.0,0.20268555,0
70,P2,0.0,1.097281,1
70,P3,0.0,-0.51019615,2
70,P4,0.0,-0.55288774,3
70,P5,0.0,-1.2944546,4
70,P6,0.0,-0.6359557,5
70,P7,0.0,-0.27872637,6
70,P8,0.0,-0.24200192,7
70,P9,7.9059997,9.192329,8
70,P10,0.0,2.2929056,9
71,P1,0.0,-0.8580133,0
71,P2,0.0,0.64950335,1
71,P3,0.0,-0.506821,2
71,P4,1.8937601,1.6320858,3
71,P5,0.0,-0.6467876,4
71,P6,0.0,1.2173783,5
71,P7,0.0,1.7414187,6
71,P8,6.9169993,7.5737743,7
71,P9,0.0,-1.6388323,8
71,P10,0.0,-1.8194281,9
72,P1,0.0,-0.8252659,0
72,P2,0.0,-0.22276676,1
72,P3,0.0,1.7657174,2
72,P4,0.0,-1.2521329,3
72,P5,0.0,1.1622769,4
72,P6,0.0,0.20007046,5
72,P7,5.9279995,5.8375435,6
72,P8,0.0,-0.15711117,7
72,P9,0.0,-0.5290604,8
72,P10,0.0,1.5453143,9
73,P1,0.0,-1.0555525,0
73,P2,0.0,-0.14117931,1
73,P3,0.0,0.85027397,2
73,P4,0.0,0.28394717,3
73,P5,0.0,0.64386433,4
73,P6,0.0,0.23560458,5
73,P7,0.0,0.6526977,6
73,P8,0.0,0.3368938,7
73,P9,0.0,-0.2735877,8
73,P10,8.8949995,8.900782,9
74,P1,0.0,-0.48719916,0
74,P2,0.0,-0.23262714,1
74,P3,0.0,1.6337006,2
74,P4,0.0,-0.25462094,3
74,P5,0.0,1.2419293,4
74,P6,0.0,0.11028658,5
74,P7,5.9279995,4.8490677,6
74,P8,0.0,-0.09407193,7
74,P9,0.0,0.20109795,8
74,P10,0.0,-2.2550337,9
75,P1,0.0,0.91989005,0
75,P2,0.0,-0.4568896,1
75,P3,0.0,-1.3667852,2
75,P4,0.0,-1.4347332,3
75,P5,0.0,-0.5838825,4
75,P6,0.0,-1.2921269,5
75,P7,0.0,0.10964819,6
75,P8,6.9169993,6.825499,7
75,P9,0.0,0.34982544,8
75,P10,0.0,-0.6180803,9
76,P1,0.0,0.053572338,0
76,P2,0.39200002,0.17352566,1
76,P3,0.0,-0.7313236,2
76,P4,0.0,-0.9365152,3
76,P5,0.0,0.0644174,4
76,P6,0.0,1.065378,5
76,P7,5.9279995,6.295055,6
76,P8,0.0,-0.28441364,7
76,P9,0.0,-0.63846433,8
76,P10,0.0,0.4541252,9
77,P1,0.0,-1.8494197,0
77,P2,0.0,0.21701306,1
77,P3,0.0,-0.98050725,2
77,P4,0.0,0.04613852,3
77,P5,0.0,0.0008398985,4
77,P6,0.0,-2.63984,5
77,P7,5.9279995,5.9323916,6
77,P8,0.0,-0.39056993,7
77,P9,0.0,-0.51604104,8
77,P10,0.0,0.7613306,9
78,P1,0.0,-0.48387688,0
78,P2,0.39200002,0.2872277,1
78,P3,0.0,-0.24158445,2
78,P4,0.0,1.1557837,3
78,P5,0.0,-0.5053126,4
78,P6,4.9379997,4.2427397,5
78,P7,0.0,-1.9488367,6
78,P8,0.0,-0.6148711,7
78,P9,0.0,-0.13989048,8
78,P10,0.0,1.5607538,9
79,P1,0.0,0.6307021,0
79,P2,0.39200002,0.002054423,1
79,P3,0.0,0.0646367,2
79,P4,0.0,-0.91671187,3
79,P5,0.0,-0.47236156,4
79,P6,0.0,0.29511228,5
79,P7,5.9279995,4.6164336,6
79,P8,0.0,0.31059504,7
79,P9,0.0,-0.64350486,8
79,P10,0.0,0.54173934,9
80,P1,0.0,0.06976931,0
80,P2,0.39200002,-0.82719487,1
80,P3,0.0,0.26232523,2
80,P4,0.0,-0.586586,3
80,P5,0.0,0.21998098,4
80,P6,4.9379997,7.3221836,5
80,P7,0.0,-0.75223047,6
80,P8,0.0,-0.9823881,7
80,P9,0.0,-0.42091507,8
80,P10,0.0,-0.35464516,9
81,P1,0.0,-0.11222207,0
81,P2,0.0,-0.8806009,1
81,P3,0.0,-1.5887008,2
81,P4,0.0,0.0015019248,3
81,P5,0.0,0.81845933,4
81,P6,4.9379997,4.8652263,5
81,P7,0.0,0.453864,6
81,P8,0.0,-0.65406775,7
81,P9,0.0,-0.7608924,8
81,P10,0.0,0.8407469,9
82,P1,0.0,-0.38223574,0
82,P2,0.39200002,-0.6601979,1
82,P3,0.0,0.7081482,2
82,P4,0.0,-1.969943,3
82,P5,0.0,0.8075357,4
82,P6,4.9379997,4.772004,5
82,P7,0.0,-0.22449525,6
82,P8,0.0,0.3912858,7
82,P9,0.0,-0.009296812,8
82,P10,0.0,-0.43551373,9
83,P1,0.0,1.0778149,0
83,P2,0.0,-0.03493143,1
83,P3,0.0,0.82849663,2
83,P4,0.0,0.5131356,3
83,P5,0.0,-0.96388,4
83,P6,0.0,-0.97454935,5
83,P7,0.0,-0.60086864,6
83,P8,0.0,0.25954056,7
83,P9,0.0,1.5300748,8
83,P10,8.8949995,8.962203,9
84,P1,0.0,0.8525847,0
84,P2,0.0,-0.8936672,1
84,P3,0.0,0.034476057,2
84,P4,1.1836001,1.4181671,3
84,P5,0.0,-0.31941733,4
84,P6,0.0,0.9847789,5
84,P7,5.9279995,6.696468,6
84,P8,0.0,0.064347334,7
84,P9,0.0,-0.12139512,8
84,P10,0.0,0.2196934,9
85,P1,0.0,-0.6141452,0
85,P2,0.0,0.15546171,1
85,P3,0.0,-1.069352,2
85,P4,0.0,-0.118986115,3
85,P5,0.0,0.6531961,4
85,P6,0.0,-0.6788887,5
85,P7,5.9279995,6.234459,6
85,P8,0.0,-1.0670731,7
85,P9,0.0,0.38774115,8
85,P10,0.0,0.55678886,9
86,P1,0.0,0.2254776,0
86,P2,0.0,-0.6186551,1
86,P3,0.0,1.5106294,2
86,P4,0.0,-1.6371951,3
86,P5,0.0,0.0011202056,4
86,P6,4.9379997,4.0903144,5
86,P7,0.0,-0.25274774,6
86,P8,0.0,-0.10602013,7
86,P9,0.0,-0.38660148,8
86,P10,0.0,-0.0117155835,9
87,P1,0.0,0.21883991,0
87,P2,0.0,1.3109914,1
87,P3,0.0,0.23548432,2
87,P4,0.0,1.2966548,3
87,P5,2.52736,2.4209032,4
87,P6,0.0,0.36839426,5
87,P7,0.0,1.1668463,6
87,P8,0.0,0.18250553,7
87,P9,0.0,-0.31289846,8
87,P10,8.8949995,8.954604,9
88,P1,0.0,-0.6674494,0
88,P2,0.0,-0.6221247,1
88,P3,0.0,-0.22424275,2
88,P4,0.0,0.2529416,3
88,P5,0.0,-0.19903141,4
88,P6,0.0,0.54533815,5
88,P7,0.0,0.80540216,6
88,P8,6.9169993,6.6024303,7
88,P9,0.0,0.2738949,8
88,P10,0.0,0.93304473,9
89,P1,0.0,-0.077074915,0
89,P2,0.0,1.778018,1
89,P3,0.0,0.43060872,2
89,P4,0.0,1.4984334,3
89,P5,0.0,-2.8223388,4
89,P6,0.0,0.05724696,5
89,P7,0.0,0.4971137,6
89,P8,0.0,-0.045295425,7
89,P9,7.9059997,8.571038,8
89,P10,0.0,0.2254666,9
90,P1,0.0,0.008464757,0
90,P2,0.0,-0.19135842,1
90,P3,0.0,0.30833045,2
90,P4,0.0,-0.6017596,3
90,P5,3.9489996,2.859254,4
90,P6,0.0,1.4067258,5
90,P7,0.0,0.75216305,6
90,P8,0.0,-0.71364945,7
90,P9,7.9022827,7.7322006,8
90,P10,0.0,0.28487322,9
91,P1,0.0,1.4607058,0
91,P2,0.0,-1.2390981,1
91,P3,0.0,-0.8718826,2
91,P4,0.0,-0.2907977,3
91,P5,0.0,0.32392648,4
91,P6,0.0,-0.53729993,5
91,P7,0.0,0.29702452,6
91,P8,6.9169993,8.399977,7
91,P9,0.0,0.73060256,8
91,P10,0.0,0.3731936,9
92,P1,0.0,-0.5897526,0
92,P2,0.39200002,0.46141264,1
92,P3,0.0,-0.44025126,2
92,P4,0.0,1.2700288,3
92,P5,0.0,-0.35498622,4
92,P6,0.0,-2.388773,5
92,P7,0.0,-0.8877272,6
92,P8,6.9169993,5.149149,7
92,P9,0.0,0.15391566,8
92,P10,0.0,1.0958078,9
93,P1,0.0,-0.6904639,0
93,P2,0.39200002,0.9176331,1
93,P3,0.0,-0.023570955,2
93,P4,0.0,0.8026063,3
93,P5,3.948948,4.4643126,4
93,P6,0.0,0.21075164,5
93,P7,0.0,-0.102053955,6
93,P8,6.916945,6.280361,7
93,P9,0.0,0.53490394,8
93,P10,0.0,0.19526552,9
94,P1,-0.004,0.22148286,0
94,P2,0.0,-0.6233813,1
94,P3,0.0,0.4558019,2
94,P4,0.0,-0.6073067,3
94,P5,0.0,-0.09727697,4
94,P6,4.9379997,4.4264946,5
94,P7,0.0,0.6279624,6
94,P8,0.0,0.0024218818,7
94,P9,0.0,0.3112314,8
94,P10,0.0,2.0808418,9
95,P1,0.0,2.7059593,0
95,P2,0.0,-1.0575025,1
95,P3,0.78800005,0.9730733,2
95,P4,1.1836001,2.3054929,3
95,P5,0.0,-0.02581668,4
95,P6,0.0,0.7586503,5
95,P7,0.0,0.77993476,6
95,P8,0.0,0.8402793,7
95,P9,7.9059997,7.759326,8
95,P10,0.0,2.0361152,9
96,P1,0.0,0.16302678,0
96,P2,0.0,0.28424048,1
96,P3,0.0,-1.9379375,2
96,P4,2.9589999,2.9219074,3
96,P5,0.0,-1.9863266,4
96,P6,0.0,-0.3952825,5
96,P7,5.9269967,4.461072,6
96,P8,0.0,1.056395,7
96,P9,0.0,0.7097262,8
96,P10,0.0,-0.8338749,9
97,P1,0.0,-0.81435966,0
97,P2,0.0,-0.5385815,1
97,P3,0.0,-0.54516387,2
97,P4,0.0,0.24590863,3
97,P5,0.0,0.79533905,4
97,P6,0.0,1.0748723,5
97,P7,0.0,1.1143479,6
97,P8,6.9169993,7.548259,7
97,P9,0.0,-0.7686605,8
97,P10,0.0,-1.0321909,9
98,P1,0.0,2.2774174,0
98,P2,0.39200002,0.22427106,1
98,P3,0.78800005,0.5705937,2
98,P4,1.1836001,-0.25922954,3
98,P5,0.0,-0.021857891,4
98,P6,0.0,-0.13182746,5
98,P7,5.9279995,5.4162383,6
98,P8,0.0,1.0100666,7
98,P9,0.0,-1.6866376,8
98,P10,0.0,0.070140354,9
99,P1,-0.004,0.63794965,0
99,P2,0.39200002,-0.6018737,1
99,P3,0.0,0.48697656,2
99,P4,0.0,-0.454245,3
99,P5,0.0,-0.26850036,4
99,P6,0.0,-0.6301113,5
99,P7,0.0,0.5553251,6
99,P8,0.0,-2.1168194,7
99,P9,0.0,0.05361919,8
99,P10,8.8949995,8.929202,9
